0 	 0.999999 1e-06 2.87557e-17
0.102073 	 0.999999 1.13978e-06 1.55787e-08
0.204145 	 0.999999 1.2991e-06 3.3335e-08
0.306218 	 0.999998 1.48069e-06 5.35733e-08
0.401911 	 0.999998 1.67392e-06 7.51088e-08
0.503983 	 0.999998 1.9079e-06 1.01186e-07
0.606056 	 0.999998 2.17459e-06 1.30909e-07
0.701749 	 0.999997 2.45837e-06 1.62537e-07
0.803821 	 0.999997 2.80201e-06 2.00835e-07
0.905894 	 0.999997 3.19367e-06 2.44486e-07
1.00159 	 0.999996 3.61044e-06 2.90936e-07
1.10366 	 0.999996 4.11512e-06 3.47182e-07
1.20573 	 0.999995 4.69033e-06 4.1129e-07
1.30142 	 0.999994 5.30241e-06 4.79507e-07
1.4035 	 0.999993 6.04358e-06 5.62112e-07
1.50557 	 0.999992 6.88836e-06 6.56263e-07
1.60126 	 0.999991 7.78727e-06 7.56448e-07
1.70334 	 0.99999 8.87578e-06 8.77764e-07
1.80541 	 0.999989 1.01164e-05 1.01604e-06
1.9011 	 0.999987 1.14366e-05 1.16317e-06
2.00317 	 0.999986 1.30352e-05 1.34134e-06
2.10525 	 0.999984 1.48572e-05 1.54441e-06
2.20094 	 0.999981 1.67961e-05 1.7605e-06
2.30301 	 0.999979 1.91438e-05 2.02216e-06
2.40508 	 0.999976 2.18197e-05 2.32039e-06
2.50078 	 0.999973 2.4667e-05 2.63774e-06
2.60285 	 0.999969 2.81149e-05 3.02202e-06
2.70492 	 0.999964 3.20447e-05 3.46001e-06
2.80061 	 0.99996 3.62263e-05 3.92608e-06
2.90269 	 0.999954 4.12898e-05 4.49043e-06
3.00476 	 0.999948 4.7061e-05 5.13367e-06
3.10045 	 0.999941 5.32021e-05 5.81813e-06
3.20253 	 0.999933 6.06382e-05 6.64695e-06
3.3046 	 0.999923 6.91136e-05 7.59161e-06
3.40029 	 0.999913 7.81319e-05 8.5968e-06
3.50236 	 0.999901 8.90521e-05 9.81399e-06
3.60444 	 0.999887 0.000101498 1.12013e-05
3.70013 	 0.999873 0.000114742 1.26775e-05
3.8022 	 0.999855 0.000130778 1.4465e-05
3.90427 	 0.999834 0.000149055 1.65023e-05
4.00635 	 0.999811 0.000169886 1.88244e-05
4.10204 	 0.999787 0.000192051 2.12952e-05
4.20411 	 0.999757 0.000218889 2.42871e-05
4.30618 	 0.999723 0.000249476 2.7697e-05
4.40188 	 0.999687 0.000282021 3.13254e-05
4.50395 	 0.999643 0.000321427 3.57188e-05
4.60602 	 0.999593 0.000366336 4.0726e-05
4.70172 	 0.99954 0.000414118 4.60539e-05
4.80379 	 0.999476 0.00047197 5.25051e-05
4.90586 	 0.999402 0.000537899 5.98575e-05
5.00155 	 0.999324 0.000608042 6.76805e-05
5.10363 	 0.99923 0.000692962 7.71525e-05
5.2057 	 0.999122 0.000789731 8.79473e-05
5.30139 	 0.999008 0.000892676 9.94325e-05
5.40346 	 0.998869 0.0010173 0.000113338
5.50554 	 0.998712 0.00115929 0.000129185
5.60123 	 0.998544 0.00131034 0.000146044
5.7033 	 0.99834 0.00149316 0.000166455
5.80537 	 0.998109 0.00170144 0.000189714
5.90107 	 0.997863 0.00192295 0.000214457
6.00314 	 0.997565 0.00219101 0.000244409
6.10521 	 0.997225 0.00249633 0.000278535
6.20091 	 0.996864 0.00282096 0.000314835
6.30298 	 0.996428 0.00321372 0.000358771
6.40505 	 0.99593 0.0036609 0.000408823
6.50074 	 0.995402 0.00413621 0.000462052
6.60282 	 0.994763 0.004711 0.000526466
6.70489 	 0.994035 0.00536515 0.000599827
6.80058 	 0.993262 0.00606005 0.000677825
6.90265 	 0.992328 0.00689992 0.000772184
7.00473 	 0.991265 0.00785503 0.000879611
7.10042 	 0.990137 0.00886887 0.000993784
7.20249 	 0.988775 0.0100931 0.00113184
7.30456 	 0.987227 0.0114839 0.00128894
7.40026 	 0.985586 0.0129585 0.00145581
7.50233 	 0.983606 0.0147369 0.00165747
7.6044 	 0.981359 0.0167542 0.00188676
7.7001 	 0.97898 0.0188895 0.0021301
7.80217 	 0.976116 0.0214598 0.0024239
7.90424 	 0.972873 0.0243691 0.00275759
8.00631 	 0.969205 0.0276589 0.00313644
8.10201 	 0.965333 0.0311292 0.00353782
8.20408 	 0.960688 0.0352904 0.00402147
8.30615 	 0.955451 0.0399792 0.00456957
8.40184 	 0.949945 0.0449062 0.00514917
8.50392 	 0.943366 0.0507883 0.00584604
8.60599 	 0.935984 0.0573825 0.0066338
8.70168 	 0.928262 0.0642739 0.00746453
8.80375 	 0.919089 0.0724505 0.00846029
8.90583 	 0.908866 0.0815523 0.00958194
9.00152 	 0.898248 0.0909916 0.0107603
9.10359 	 0.885737 0.102096 0.0121667
9.20566 	 0.87192 0.114336 0.0137433
9.30136 	 0.85771 0.126899 0.015391
9.40343 	 0.841147 0.141507 0.0173463
9.5055 	 0.823076 0.1574 0.019524
9.6012 	 0.80473 0.173485 0.0217844
9.70327 	 0.783644 0.191909 0.0244469
9.80534 	 0.760998 0.211615 0.0273874
9.90103 	 0.738379 0.231208 0.030413
10.0031 	 0.712834 0.253222 0.0339436
10.1052 	 0.68592 0.276277 0.0378029
10.2009 	 0.659562 0.298706 0.0417322
10.3029 	 0.6304 0.323333 0.0462667
10.405 	 0.60035 0.348486 0.0511643
10.5007 	 0.571566 0.372343 0.0560912
10.6028 	 0.540437 0.397856 0.0617067
10.7049 	 0.509116 0.42319 0.0676932
10.8005 	 0.479808 0.446554 0.0736386
10.9026 	 0.448843 0.470829 0.0803281
11.0047 	 0.418424 0.494211 0.0873653
11.1004 	 0.390599 0.515136 0.0942656
11.2025 	 0.361847 0.536221 0.101933
11.3045 	 0.334219 0.555884 0.109897
11.4002 	 0.309462 0.572924 0.117614
11.5023 	 0.284375 0.589533 0.126091
11.6044 	 0.260723 0.604478 0.134799
11.7001 	 0.239891 0.61696 0.143149
11.8021 	 0.219115 0.628652 0.152233
11.9042 	 0.199822 0.638703 0.161475
12.0063 	 0.181983 0.647165 0.170852
12.102 	 0.166538 0.653716 0.179745
12.204 	 0.151372 0.659308 0.18932
12.3061 	 0.137488 0.663545 0.198967
12.4018 	 0.125571 0.666371 0.208058
12.5039 	 0.113957 0.668253 0.21779
12.606 	 0.103397 0.669062 0.227541
12.7016 	 0.0943829 0.668929 0.236688
12.8037 	 0.0856396 0.667925 0.246436
12.9058 	 0.0777223 0.666115 0.256163
13.0015 	 0.0709861 0.66376 0.265254
13.1036 	 0.0644689 0.660621 0.27491
13.2056 	 0.0585792 0.656904 0.284517
13.3013 	 0.0535753 0.652954 0.293471
13.4034 	 0.0487385 0.648303 0.302958
13.5055 	 0.0443697 0.643255 0.312376
13.6012 	 0.0406583 0.638207 0.321135
13.7032 	 0.0370699 0.63253 0.3304
13.8053 	 0.0338268 0.626593 0.33958
13.901 	 0.0310693 0.620824 0.348107
14.0031 	 0.0284003 0.614486 0.357114
14.1051 	 0.0259849 0.607988 0.366027
14.2008 	 0.023928 0.601776 0.374296
14.3029 	 0.0219338 0.595044 0.383022
14.405 	 0.0201256 0.588225 0.391649
14.5007 	 0.0185829 0.581771 0.399646
14.6027 	 0.017084 0.574837 0.408079
14.7048 	 0.0157219 0.567868 0.416411
14.8005 	 0.0145572 0.561314 0.424129
14.9026 	 0.013423 0.554314 0.432263
15.0047 	 0.0123898 0.547316 0.440295
15.1004 	 0.0115041 0.540764 0.447732
15.2024 	 0.0106395 0.533794 0.455566
15.3045 	 0.00984984 0.526851 0.463299
15.4002 	 0.00917123 0.520372 0.470457
15.5023 	 0.00850709 0.513498 0.477995
15.6043 	 0.00789891 0.506668 0.485433
15.7 	 0.00737492 0.500309 0.492316
15.8021 	 0.00686078 0.493577 0.499562
15.9042 	 0.00638871 0.486901 0.50671
16.0062 	 0.00595487 0.480283 0.513762
16.1019 	 0.0055798 0.474135 0.520286
16.204 	 0.00521051 0.467638 0.527152
16.3061 	 0.00487024 0.461206 0.533924
16.4018 	 0.00457531 0.455237 0.540188
16.5038 	 0.0042842 0.448936 0.54678
16.6059 	 0.00401527 0.442704 0.553281
16.7016 	 0.00378159 0.436925 0.559293
16.8037 	 0.00355037 0.43083 0.56562
16.9058 	 0.00333623 0.424806 0.571858
17.0015 	 0.0031497 0.419223 0.577627
17.1035 	 0.0029647 0.413338 0.583697
17.2056 	 0.00279293 0.407525 0.589682
17.3013 	 0.00264296 0.402141 0.595216
17.4034 	 0.00249387 0.396468 0.601039
17.5054 	 0.00235512 0.390866 0.606779
17.6011 	 0.0022337 0.38568 0.612087
17.7032 	 0.00211271 0.380217 0.617671
17.8053 	 0.00199985 0.374825 0.623175
17.901 	 0.00190088 0.369834 0.628265
18.003 	 0.00180204 0.364578 0.63362
18.1051 	 0.00170963 0.359392 0.638898
18.2008 	 0.00162842 0.354593 0.643778
18.3029 	 0.00154715 0.349541 0.648912
18.4049 	 0.00147101 0.344557 0.653972
18.5006 	 0.00140395 0.339945 0.658651
18.6027 	 0.00133671 0.335091 0.663573
18.7048 	 0.00127358 0.330303 0.668424
18.8005 	 0.00121787 0.325873 0.672909
18.9026 	 0.0011619 0.321212 0.677627
19.0046 	 0.00110924 0.316614 0.682277
19.1003 	 0.00106269 0.312361 0.686576
19.2024 	 0.00101583 0.307886 0.691098
19.3045 	 0.000971667 0.303473 0.695555
19.4002 	 0.000932547 0.299392 0.699676
19.5022 	 0.000893097 0.295097 0.70401
19.6043 	 0.000855847 0.290862 0.708282
19.7064 	 0.000820652 0.286686 0.712493
19.8021 	 0.000789405 0.282825 0.716386
19.9041 	 0.000757821 0.278762 0.72048
20.0062 	 0.000727928 0.274756 0.724516
20.1019 	 0.000701343 0.271052 0.728246
20.204 	 0.000674429 0.267155 0.73217
20.3061 	 0.000648912 0.263313 0.736038
20.4017 	 0.000626182 0.259761 0.739613
20.5038 	 0.000603134 0.256023 0.743374
20.6059 	 0.000581248 0.252339 0.74708
20.7016 	 0.000561723 0.248932 0.750506
20.8037 	 0.000541895 0.245348 0.75411
20.9057 	 0.000523036 0.241815 0.757662
21.0014 	 0.000506188 0.238549 0.760945
21.1035 	 0.000489052 0.235113 0.764398
21.2056 	 0.000472731 0.231725 0.767802
21.3013 	 0.000458128 0.228594 0.770948
21.4033 	 0.000443256 0.225299 0.774258
21.5054 	 0.00042907 0.222052 0.777519
21.6011 	 0.000416361 0.21905 0.780534
21.7032 	 0.000403401 0.215892 0.783705
21.8052 	 0.000391021 0.212779 0.78683
21.9009 	 0.000379916 0.209901 0.789719
22.003 	 0.000368576 0.206873 0.792758
22.1051 	 0.000357731 0.203889 0.795753
22.2008 	 0.00034799 0.201131 0.798521
22.3028 	 0.000338031 0.198229 0.801433
22.4049 	 0.000328495 0.195369 0.804302
22.5006 	 0.000319919 0.192725 0.806955
22.6027 	 0.00031114 0.189944 0.809745
22.7048 	 0.000302724 0.187203 0.812495
22.8004 	 0.000295147 0.184668 0.815037
22.9025 	 0.000287382 0.182003 0.81771
23.0046 	 0.00027993 0.179375 0.820345
23.1003 	 0.000273213 0.176947 0.82278
23.2024 	 0.000266322 0.174392 0.825342
23.3044 	 0.000259701 0.171874 0.827866
23.4001 	 0.000253726 0.169546 0.8302
23.5022 	 0.000247591 0.167098 0.832654
23.6043 	 0.00024169 0.164685 0.835073
23.7063 	 0.000236012 0.162307 0.837457
23.802 	 0.000230882 0.160108 0.839661
23.9041 	 0.000225606 0.157796 0.841979
24.0062 	 0.000220525 0.155517 0.844263
24.1019 	 0.00021593 0.15341 0.846375
24.2039 	 0.0002112 0.151193 0.848595
24.306 	 0.00020664 0.149009 0.850784
24.4017 	 0.000202513 0.14699 0.852807
24.5038 	 0.00019826 0.144867 0.854935
24.6059 	 0.000194157 0.142774 0.857032
24.7015 	 0.00019044 0.140839 0.858971
24.8036 	 0.000186607 0.138804 0.86101
24.9057 	 0.000182905 0.136798 0.863019
25.0014 	 0.000179548 0.134944 0.864876
25.1035 	 0.000176084 0.132994 0.86683
25.2055 	 0.000172735 0.131072 0.868755
25.3012 	 0.000169697 0.129296 0.870535
25.4033 	 0.000166559 0.127427 0.872406
25.5054 	 0.000163523 0.125585 0.874251
25.6011 	 0.000160766 0.123883 0.875956
25.7031 	 0.000157916 0.122093 0.877749
25.8052 	 0.000155157 0.120328 0.879517
25.9009 	 0.000152649 0.118697 0.881151
26.003 	 0.000150056 0.116981 0.882869
26.105 	 0.000147543 0.11529 0.884562
26.2007 	 0.000145258 0.113727 0.886128
26.3028 	 0.000142892 0.112083 0.887774
26.4049 	 0.000140599 0.110463 0.889397
26.5006 	 0.000138512 0.108965 0.890896
26.6026 	 0.00013635 0.10739 0.892474
26.7047 	 0.000134252 0.105837 0.894028
26.8004 	 0.000132342 0.104402 0.895465
26.9025 	 0.000130362 0.102893 0.896977
27.0046 	 0.00012844 0.101405 0.898466
27.1003 	 0.000126689 0.10003 0.899843
27.2023 	 0.000124872 0.098584 0.901291
27.3044 	 0.000123108 0.0971587 0.902718
27.4001 	 0.000121499 0.0958411 0.904037
27.5022 	 0.000119829 0.0944554 0.905425
27.6042 	 0.000118206 0.0930896 0.906792
27.7063 	 0.000116628 0.0917436 0.90814
27.802 	 0.000115189 0.0904994 0.909385
27.9041 	 0.000113693 0.0891909 0.910695
28.0061 	 0.000112239 0.0879012 0.911987
28.1018 	 0.000110911 0.086709 0.91318
28.2039 	 0.000109531 0.0854552 0.914435
28.306 	 0.000108188 0.0842195 0.915672
28.4017 	 0.000106962 0.0830772 0.916816
28.5037 	 0.000105686 0.0818759 0.918018
28.6058 	 0.000104445 0.0806919 0.919204
28.7015 	 0.00010331 0.0795974 0.920299
28.8036 	 0.000102129 0.0784463 0.921452
28.9057 	 0.000100979 0.0773119 0.922587
29.0014 	 9.99276e-05 0.0762632 0.923637
29.1034 	 9.88335e-05 0.0751603 0.924741
29.2055 	 9.77669e-05 0.0740734 0.925829
29.3012 	 9.67912e-05 0.0730686 0.926835
29.4033 	 9.57756e-05 0.0720119 0.927892
29.5053 	 9.47851e-05 0.0709704 0.928935
29.601 	 9.38786e-05 0.0700077 0.929898
29.7031 	 9.29346e-05 0.0689952 0.930912
29.8052 	 9.20135e-05 0.0679974 0.931911
29.9009 	 9.11702e-05 0.067075 0.932834
30.0029 	 9.02916e-05 0.0661049 0.933805
30.105 	 8.94341e-05 0.0651488 0.934762
30.2007 	 8.86486e-05 0.064265 0.935646
30.3028 	 8.783e-05 0.0633355 0.936577
30.4048 	 8.70306e-05 0.0624195 0.937493
30.5005 	 8.62981e-05 0.0615727 0.938341
30.6026 	 8.55344e-05 0.0606821 0.939232
30.7047 	 8.47884e-05 0.0598044 0.940111
30.8004 	 8.41046e-05 0.0589931 0.940923
30.9025 	 8.33913e-05 0.0581399 0.941777
31.0045 	 8.26943e-05 0.0572989 0.942618
31.1002 	 8.20552e-05 0.0565216 0.943396
31.2023 	 8.13884e-05 0.055704 0.944215
31.3044 	 8.07365e-05 0.0548983 0.945021
31.4001 	 8.01386e-05 0.0541535 0.945766
31.5021 	 7.95145e-05 0.0533702 0.94655
31.6042 	 7.89043e-05 0.0525982 0.947323
31.7063 	 7.83074e-05 0.0518374 0.948084
31.802 	 7.77597e-05 0.0511342 0.948788
31.904 	 7.71878e-05 0.0503945 0.949528
32.0061 	 7.66282e-05 0.0496656 0.950258
32.1018 	 7.61147e-05 0.0489917 0.950932
32.2039 	 7.55782e-05 0.0482831 0.951641
32.3059 	 7.50533e-05 0.0475846 0.95234
32.4016 	 7.45712e-05 0.046939 0.952986
32.5037 	 7.40676e-05 0.04626 0.953666
32.6058 	 7.35746e-05 0.0455909 0.954336
32.7015 	 7.31218e-05 0.0449723 0.954955
32.8036 	 7.26486e-05 0.0443218 0.955606
32.9056 	 7.21853e-05 0.0436806 0.956247
33.0013 	 7.17596e-05 0.043088 0.95684
33.1034 	 7.13146e-05 0.0424647 0.957464
33.2055 	 7.08788e-05 0.0418504 0.958079
33.3012 	 7.04783e-05 0.0412826 0.958647
33.4032 	 7.00595e-05 0.0406854 0.959245
33.5053 	 6.96492e-05 0.0400968 0.959834
33.601 	 6.92721e-05 0.0395528 0.960378
33.7031 	 6.88777e-05 0.0389806 0.96095
33.8051 	 6.84912e-05 0.0384167 0.961515
33.9008 	 6.81358e-05 0.0378955 0.962036
34.0029 	 6.77641e-05 0.0373473 0.962585
34.105 	 6.73997e-05 0.036807 0.963126
34.2007 	 6.70646e-05 0.0363076 0.963625
34.3027 	 6.6714e-05 0.0357823 0.964151
34.4048 	 6.63703e-05 0.0352647 0.964669
34.5005 	 6.60541e-05 0.0347862 0.965148
34.6026 	 6.57232e-05 0.034283 0.965651
34.7047 	 6.53988e-05 0.033787 0.966148
34.8003 	 6.51003e-05 0.0333286 0.966606
34.9024 	 6.47878e-05 0.0328464 0.967089
35.0045 	 6.44813e-05 0.0323712 0.967564
35.1002 	 6.41993e-05 0.031932 0.968004
35.2023 	 6.3904e-05 0.03147 0.968466
35.3043 	 6.36144e-05 0.0310148 0.968922
35.4 	 6.33478e-05 0.0305939 0.969343
35.5021 	 6.30686e-05 0.0301513 0.969786
35.6042 	 6.27947e-05 0.0297151 0.970222
35.7062 	 6.25259e-05 0.0292853 0.970652
35.8019 	 6.22784e-05 0.0288879 0.97105
35.904 	 6.20193e-05 0.02847 0.971468
36.0061 	 6.17649e-05 0.0280581 0.97188
36.1018 	 6.15307e-05 0.0276774 0.972261
36.2038 	 6.12853e-05 0.0272769 0.972662
36.3059 	 6.10444e-05 0.0268823 0.973057
36.4016 	 6.08227e-05 0.0265175 0.973422
36.5037 	 6.05903e-05 0.0261339 0.973805
36.6058 	 6.03621e-05 0.0257558 0.974184
36.7014 	 6.0152e-05 0.0254063 0.974534
36.8035 	 5.99317e-05 0.0250388 0.974901
36.9056 	 5.97155e-05 0.0246765 0.975264
37.0013 	 5.95163e-05 0.0243417 0.975599
37.1034 	 5.93075e-05 0.0239895 0.975951
37.2054 	 5.91025e-05 0.0236424 0.976298
37.3011 	 5.89136e-05 0.0233216 0.976619
37.4032 	 5.87156e-05 0.0229842 0.976957
37.5053 	 5.85211e-05 0.0226517 0.97729
37.601 	 5.83419e-05 0.0223443 0.977597
37.703 	 5.8154e-05 0.0220211 0.977921
37.8051 	 5.79694e-05 0.0217025 0.97824
37.9008 	 5.77993e-05 0.021408 0.978534
38.0029 	 5.76209e-05 0.0210982 0.978844
38.1049 	 5.74457e-05 0.020793 0.97915
38.2006 	 5.72842e-05 0.0205108 0.979432
38.3027 	 5.71148e-05 0.0202141 0.979729
38.4048 	 5.69484e-05 0.0199216 0.980021
38.5005 	 5.6795e-05 0.0196513 0.980292
38.6025 	 5.66341e-05 0.019367 0.980576
38.7046 	 5.6476e-05 0.0190868 0.980857
38.8003 	 5.63302e-05 0.0188278 0.981116
38.9024 	 5.61773e-05 0.0185554 0.981388
39.0045 	 5.6027e-05 0.0182869 0.981657
39.1002 	 5.58885e-05 0.0180388 0.981905
39.2022 	 5.57431e-05 0.0177778 0.982166
39.3043 	 5.56002e-05 0.0175206 0.982424
39.4064 	 5.54598e-05 0.0172671 0.982677
39.5021 	 5.53303e-05 0.0170328 0.982912
39.6041 	 5.51944e-05 0.0167864 0.983158
39.7062 	 5.50608e-05 0.0165435 0.983401
39.8019 	 5.49376e-05 0.016319 0.983626
39.904 	 5.48083e-05 0.0160829 0.983862
40.006 	 5.46812e-05 0.0158502 0.984095
40.1017 	 5.4564e-05 0.0156351 0.98431
40.2038 	 5.44409e-05 0.0154089 0.984537
40.3059 	 5.432e-05 0.015186 0.98476
40.4016 	 5.42084e-05 0.0149799 0.984966
40.5036 	 5.40913e-05 0.0147632 0.985183
40.6057 	 5.39761e-05 0.0145496 0.985396
40.7014 	 5.38699e-05 0.0143521 0.985594
40.8035 	 5.37584e-05 0.0141445 0.985802
40.9056 	 5.36487e-05 0.0139398 0.986007
41.0013 	 5.35476e-05 0.0137507 0.986196
41.1033 	 5.34414e-05 0.0135517 0.986395
41.2054 	 5.33369e-05 0.0133556 0.986591
41.3011 	 5.32406e-05 0.0131744 0.986772
41.4032 	 5.31394e-05 0.0129838 0.986963
41.5052 	 5.30399e-05 0.0127959 0.987151
41.6009 	 5.29481e-05 0.0126223 0.987325
41.703 	 5.28517e-05 0.0124397 0.987507
41.8051 	 5.27569e-05 0.0122597 0.987688
41.9008 	 5.26694e-05 0.0120933 0.987854
42.0028 	 5.25775e-05 0.0119183 0.988029
42.1049 	 5.24871e-05 0.0117459 0.988202
42.2006 	 5.24037e-05 0.0115865 0.988361
42.3027 	 5.23161e-05 0.0114189 0.988529
42.4047 	 5.22299e-05 0.0112537 0.988694
42.5004 	 5.21504e-05 0.0111009 0.988847
42.6025 	 5.20669e-05 0.0109403 0.989008
42.7046 	 5.19847e-05 0.010782 0.989166
42.8003 	 5.19089e-05 0.0106357 0.989312
42.9024 	 5.18293e-05 0.0104818 0.989466
43.0044 	 5.17509e-05 0.0103302 0.989618
43.1001 	 5.16786e-05 0.01019 0.989758
43.2022 	 5.16026e-05 0.0100426 0.989906
43.3043 	 5.15278e-05 0.00989725 0.990051
43.4063 	 5.14543e-05 0.00975405 0.990194
43.502 	 5.13863e-05 0.00962168 0.990327
43.6041 	 5.1315e-05 0.00948247 0.990466
43.7062 	 5.12448e-05 0.00934527 0.990603
43.8019 	 5.118e-05 0.00921845 0.99073
43.9039 	 5.1112e-05 0.00908507 0.990864
44.006 	 5.1045e-05 0.00895363 0.990995
44.1017 	 5.09831e-05 0.00883212 0.991117
44.2038 	 5.09182e-05 0.00870433 0.991245
44.3058 	 5.08542e-05 0.00857839 0.991371
44.4015 	 5.07952e-05 0.00846198 0.991487
44.5036 	 5.07332e-05 0.00833954 0.99161
44.6057 	 5.06721e-05 0.00821888 0.99173
44.7014 	 5.06158e-05 0.00810735 0.991842
44.8035 	 5.05566e-05 0.00799004 0.991959
44.9055 	 5.04983e-05 0.00787444 0.992075
45.0012 	 5.04445e-05 0.00776758 0.992182
45.1033 	 5.03879e-05 0.00765519 0.992294
45.2054 	 5.03323e-05 0.00754443 0.992405
45.3011 	 5.02809e-05 0.00744204 0.992508
45.4031 	 5.02269e-05 0.00733437 0.992615
45.5052 	 5.01737e-05 0.00722825 0.992722
45.6009 	 5.01246e-05 0.00713016 0.99282
45.703 	 5.00731e-05 0.00702699 0.992923
45.805 	 5.00223e-05 0.00692532 0.993025
45.9007 	 4.99754e-05 0.00683134 0.993119
46.0028 	 4.99262e-05 0.0067325 0.993218
46.1049 	 4.98777e-05 0.00663508 0.993315
46.2006 	 4.98329e-05 0.00654504 0.993405
46.3026 	 4.97858e-05 0.00645034 0.9935
46.4047 	 4.97395e-05 0.00635701 0.993593
46.5004 	 4.96967e-05 0.00627074 0.99368
46.6025 	 4.96517e-05 0.00618001 0.99377
46.7046 	 4.96074e-05 0.0060906 0.99386
46.8002 	 4.95665e-05 0.00600794 0.993942
46.9023 	 4.95236e-05 0.00592101 0.994029
47.0044 	 4.94813e-05 0.00583534 0.994115
47.1001 	 4.94422e-05 0.00575615 0.994194
47.2022 	 4.94011e-05 0.00567287 0.994278
47.3042 	 4.93607e-05 0.00559079 0.99436
47.4063 	 4.93208e-05 0.00550989 0.994441
47.502 	 4.92841e-05 0.00543512 0.994516
47.6041 	 4.92454e-05 0.00535648 0.994594
47.7061 	 4.92073e-05 0.00527898 0.994672
47.8018 	 4.91722e-05 0.00520734 0.994743
47.9039 	 4.91352e-05 0.00513199 0.994819
48.006 	 4.90988e-05 0.00505774 0.994893
48.1017 	 4.90652e-05 0.0049891 0.994962
48.2037 	 4.90299e-05 0.00491691 0.995034
48.3058 	 4.89951e-05 0.00484577 0.995105
48.4015 	 4.8963e-05 0.00478001 0.995171
48.5036 	 4.89292e-05 0.00471085 0.99524
48.6057 	 4.88959e-05 0.00464269 0.995308
48.7013 	 4.88652e-05 0.00457968 0.995371
48.8034 	 4.88329e-05 0.00451342 0.995438
48.9055 	 4.88011e-05 0.00444811 0.995503
49.0012 	 4.87717e-05 0.00438775 0.995563
49.1033 	 4.87408e-05 0.00432426 0.995627
49.2053 	 4.87104e-05 0.0042617 0.99569
49.301 	 4.86823e-05 0.00420386 0.995747
49.4031 	 4.86528e-05 0.00414304 0.995808
49.5052 	 4.86237e-05 0.00408309 0.995868
49.6009 	 4.85968e-05 0.00402768 0.995924
49.7029 	 4.85686e-05 0.0039694 0.995982
49.805 	 4.85407e-05 0.00391197 0.996039
49.9007 	 4.8515e-05 0.00385888 0.996093
50.0028 	 4.8488e-05 0.00380305 0.996148
50.1048 	 4.84614e-05 0.00374802 0.996204
50.2005 	 4.84368e-05 0.00369715 0.996254
50.3026 	 4.8411e-05 0.00364366 0.996308
50.4047 	 4.83855e-05 0.00359094 0.996361
50.5004 	 4.8362e-05 0.00354221 0.996409
50.6024 	 4.83373e-05 0.00349096 0.996461
50.7045 	 4.83129e-05 0.00344044 0.996511
50.8002 	 4.82904e-05 0.00339375 0.996558
50.9023 	 4.82668e-05 0.00334465 0.996607
51.0044 	 4.82435e-05 0.00329626 0.996656
51.1001 	 4.82219e-05 0.00325152 0.9967
51.2021 	 4.81993e-05 0.00320448 0.996747
51.3042 	 4.8177e-05 0.00315811 0.996794
51.4063 	 4.8155e-05 0.00311242 0.996839
51.502 	 4.81348e-05 0.00307018 0.996882
51.604 	 4.81134e-05 0.00302575 0.996926
51.7061 	 4.80924e-05 0.00298197 0.99697
51.8018 	 4.8073e-05 0.00294151 0.99701
51.9039 	 4.80526e-05 0.00289895 0.997053
52.0059 	 4.80325e-05 0.002857 0.997095
52.1016 	 4.80139e-05 0.00281823 0.997134
52.2037 	 4.79944e-05 0.00277745 0.997175
52.3058 	 4.79751e-05 0.00273726 0.997215
52.4015 	 4.79574e-05 0.00270012 0.997252
52.5035 	 4.79387e-05 0.00266105 0.997291
52.6056 	 4.79203e-05 0.00262255 0.99733
52.7013 	 4.79032e-05 0.00258695 0.997365
52.8034 	 4.78854e-05 0.00254952 0.997403
52.9055 	 4.78677e-05 0.00251263 0.997439
53.0012 	 4.78515e-05 0.00247854 0.997474
53.1032 	 4.78343e-05 0.00244267 0.997509
53.2053 	 4.78175e-05 0.00240733 0.997545
53.301 	 4.78019e-05 0.00237466 0.997578
53.4031 	 4.77855e-05 0.0023403 0.997612
53.5051 	 4.77694e-05 0.00230644 0.997646
53.6008 	 4.77544e-05 0.00227514 0.997677
53.7029 	 4.77388e-05 0.00224222 0.99771
53.805 	 4.77233e-05 0.00220978 0.997743
53.9007 	 4.7709e-05 0.00217979 0.997773
54.0027 	 4.7694e-05 0.00214825 0.997804
54.1048 	 4.76792e-05 0.00211716 0.997835
54.2005 	 4.76656e-05 0.00208843 0.997864
54.3026 	 4.76512e-05 0.00205821 0.997894
54.4046 	 4.7637e-05 0.00202843 0.997924
54.5003 	 4.7624e-05 0.00200091 0.997951
54.6024 	 4.76102e-05 0.00197195 0.99798
54.7045 	 4.75967e-05 0.00194342 0.998009
54.8002 	 4.75841e-05 0.00191705 0.998035
54.9023 	 4.7571e-05 0.00188931 0.998063
55.0043 	 4.7558e-05 0.00186197 0.99809
55.1 	 4.7546e-05 0.0018367 0.998116
55.2021 	 4.75334e-05 0.00181013 0.998142
55.3042 	 4.7521e-05 0.00178394 0.998169
55.4062 	 4.75087e-05 0.00175812 0.998194
55.5019 	 4.74974e-05 0.00173427 0.998218
55.604 	 4.74855e-05 0.00170917 0.998243
55.7061 	 4.74738e-05 0.00168444 0.998268
55.8018 	 4.7463e-05 0.00166158 0.998291
55.9038 	 4.74516e-05 0.00163754 0.998315
56.0059 	 4.74404e-05 0.00161385 0.998339
56.1016 	 4.743e-05 0.00159194 0.998361
56.2037 	 4.74191e-05 0.00156891 0.998384
56.3057 	 4.74084e-05 0.00154621 0.998406
56.4014 	 4.73985e-05 0.00152523 0.998427
56.5035 	 4.7388e-05 0.00150316 0.998449
56.6056 	 4.73778e-05 0.00148141 0.998471
56.7013 	 4.73683e-05 0.0014613 0.998491
56.8034 	 4.73583e-05 0.00144016 0.998512
56.9054 	 4.73484e-05 0.00141932 0.998533
57.0011 	 4.73393e-05 0.00140006 0.998553
57.1032 	 4.73297e-05 0.0013798 0.998573
57.2053 	 4.73203e-05 0.00135984 0.998593
57.301 	 4.73116e-05 0.00134138 0.998611
57.403 	 4.73024e-05 0.00132197 0.998631
57.5051 	 4.72934e-05 0.00130285 0.99865
57.6008 	 4.72851e-05 0.00128517 0.998668
57.7029 	 4.72763e-05 0.00126657 0.998686
57.8049 	 4.72677e-05 0.00124824 0.998704
57.9006 	 4.72597e-05 0.0012313 0.998721
58.0027 	 4.72513e-05 0.00121349 0.998739
58.1048 	 4.7243e-05 0.00119593 0.998757
58.2005 	 4.72354e-05 0.0011797 0.998773
58.3025 	 4.72273e-05 0.00116263 0.99879
58.4046 	 4.72194e-05 0.00114581 0.998807
58.5003 	 4.72121e-05 0.00113026 0.998823
58.6024 	 4.72044e-05 0.0011139 0.998839
58.7045 	 4.71968e-05 0.00109779 0.998855
58.8001 	 4.71897e-05 0.00108289 0.99887
58.9022 	 4.71824e-05 0.00106722 0.998886
59.0043 	 4.71751e-05 0.00105178 0.998901
59.1064 	 4.71679e-05 0.00103656 0.998916
59.2021 	 4.71613e-05 0.00102249 0.99893
59.3041 	 4.71544e-05 0.0010077 0.998945
59.4062 	 4.71475e-05 0.000993117 0.99896
59.5019 	 4.71412e-05 0.00097964 0.998973
59.604 	 4.71345e-05 0.000965465 0.998987
59.706 	 4.71279e-05 0.000951496 0.999001
59.8017 	 4.71219e-05 0.000938583 0.999014
59.9038 	 4.71155e-05 0.000925002 0.999028
60.0059 	 4.71092e-05 0.000911618 0.999041
60.1016 	 4.71034e-05 0.000899246 0.999054
60.2036 	 4.70972e-05 0.000886235 0.999067
60.3057 	 4.70912e-05 0.000873412 0.999079
60.4014 	 4.70857e-05 0.000861559 0.999091
60.5035 	 4.70798e-05 0.000849093 0.999104
60.6056 	 4.7074e-05 0.000836807 0.999116
60.7012 	 4.70687e-05 0.000825451 0.999127
60.8033 	 4.70631e-05 0.000813507 0.999139
60.9054 	 4.70576e-05 0.000801736 0.999151
61.0011 	 4.70525e-05 0.000790856 0.999162
61.1032 	 4.70471e-05 0.000779413 0.999174
61.2052 	 4.70418e-05 0.000768135 0.999185
61.3009 	 4.70369e-05 0.000757711 0.999195
61.403 	 4.70317e-05 0.000746747 0.999206
61.5051 	 4.70267e-05 0.000735942 0.999217
61.6008 	 4.7022e-05 0.000725955 0.999227
61.7028 	 4.70171e-05 0.000715451 0.999238
61.8049 	 4.70122e-05 0.000705099 0.999248
61.9006 	 4.70077e-05 0.00069553 0.999257
62.0027 	 4.7003e-05 0.000685466 0.999268
62.1047 	 4.69983e-05 0.000675548 0.999277
62.2004 	 4.69941e-05 0.00066638 0.999287
62.3025 	 4.69895e-05 0.000656738 0.999296
62.4046 	 4.69851e-05 0.000647235 0.999306
62.5003 	 4.6981e-05 0.000638452 0.999315
62.6023 	 4.69766e-05 0.000629214 0.999324
62.7044 	 4.69724e-05 0.000620109 0.999333
62.8001 	 4.69684e-05 0.000611694 0.999341
62.9022 	 4.69643e-05 0.000602843 0.99935
63.0043 	 4.69602e-05 0.00059412 0.999359
63.1063 	 4.69562e-05 0.000585524 0.999368
63.202 	 4.69524e-05 0.000577578 0.999375
63.3041 	 4.69485e-05 0.000569221 0.999384
63.4062 	 4.69447e-05 0.000560984 0.999392
63.5019 	 4.69411e-05 0.000553371 0.9994
63.6039 	 4.69373e-05 0.000545364 0.999408
63.706 	 4.69336e-05 0.000537473 0.999416
63.8017 	 4.69302e-05 0.000530179 0.999423
63.9038 	 4.69266e-05 0.000522508 0.999431
64.0058 	 4.69231e-05 0.000514948 0.999438
64.1015 	 4.69198e-05 0.000507959 0.999445
64.2036 	 4.69164e-05 0.000500609 0.999452
64.3057 	 4.6913e-05 0.000493366 0.99946
64.4014 	 4.69099e-05 0.00048667 0.999466
64.5034 	 4.69066e-05 0.000479629 0.999473
64.6055 	 4.69033e-05 0.000472689 0.99948
64.7012 	 4.69003e-05 0.000466274 0.999487
64.8033 	 4.68972e-05 0.000459527 0.999494
64.9054 	 4.68941e-05 0.000452878 0.9995
65.0011 	 4.68912e-05 0.000446732 0.999506
65.1031 	 4.68882e-05 0.000440268 0.999513
65.2052 	 4.68852e-05 0.000433898 0.999519
65.3009 	 4.68824e-05 0.000428009 0.999525
65.403 	 4.68795e-05 0.000421816 0.999531
65.505 	 4.68767e-05 0.000415713 0.999537
65.6007 	 4.6874e-05 0.000410071 0.999543
65.7028 	 4.68713e-05 0.000404138 0.999549
65.8049 	 4.68685e-05 0.00039829 0.999555
65.9006 	 4.6866e-05 0.000392885 0.99956
66.0026 	 4.68633e-05 0.0003872 0.999566
66.1047 	 4.68607e-05 0.000381598 0.999572
66.2004 	 4.68583e-05 0.000376419 0.999577
66.3025 	 4.68557e-05 0.000370973 0.999582
66.4045 	 4.68532e-05 0.000365605 0.999588
66.5002 	 4.68509e-05 0.000360643 0.999593
66.6023 	 4.68485e-05 0.000355425 0.999598
66.7044 	 4.68461e-05 0.000350282 0.999603
66.8001 	 4.68439e-05 0.000345529 0.999608
66.9022 	 4.68415e-05 0.000340529 0.999613
67.0042 	 4.68392e-05 0.000335602 0.999618
67.1063 	 4.68369e-05 0.000330746 0.999622
67.202 	 4.68348e-05 0.000326257 0.999627
67.3041 	 4.68326e-05 0.000321537 0.999632
67.4061 	 4.68305e-05 0.000316884 0.999636
67.5018 	 4.68285e-05 0.000312584 0.999641
67.6039 	 4.68263e-05 0.000308061 0.999645
67.706 	 4.68243e-05 0.000303603 0.99965
67.8017 	 4.68223e-05 0.000299483 0.999654
67.9037 	 4.68203e-05 0.00029515 0.999658
68.0058 	 4.68183e-05 0.000290879 0.999662
68.1015 	 4.68165e-05 0.000286932 0.999666
68.2036 	 4.68145e-05 0.00028278 0.99967
68.3056 	 4.68126e-05 0.000278688 0.999674
68.4013 	 4.68109e-05 0.000274906 0.999678
68.5034 	 4.6809e-05 0.000270929 0.999682
68.6055 	 4.68072e-05 0.000267008 0.999686
68.7012 	 4.68055e-05 0.000263385 0.99969
68.8033 	 4.68037e-05 0.000259574 0.999694
68.9053 	 4.68019e-05 0.000255818 0.999697
69.001 	 4.68003e-05 0.000252346 0.999701
69.1031 	 4.67986e-05 0.000248695 0.999705
69.2052 	 4.67969e-05 0.000245097 0.999708
69.3009 	 4.67954e-05 0.00024177 0.999711
69.4029 	 4.67938e-05 0.000238272 0.999715
69.505 	 4.67921e-05 0.000234825 0.999718
69.6007 	 4.67907e-05 0.000231638 0.999722
69.7028 	 4.67891e-05 0.000228286 0.999725
69.8048 	 4.67875e-05 0.000224983 0.999728
69.9005 	 4.67861e-05 0.00022193 0.999731
70.0026 	 4.67846e-05 0.000218718 0.999734
70.0026 	 4.67846e-05 0.000218718 0.999734
